,.sort_index()
